version https://git-lfs.github.com/spec/v1
oid sha256:6946758525f4a3689e88e961baad3ef3faaaf98304d42f2b37e2ec6dfc27e2c1
size 164255
